url,linkText,paragraphText,ranking
https://youglish.com/,Youglish - Learn new Vocabulary and Pronunciation with YouTube videos and subtitles,💚🙋 One of my Absolute Favorites!! Amazing resource,⭐⭐⭐⭐⭐
https://rachelsenglish.com/,Rachel's English Official Website,🇺🇸🔊 Great YouTube Channel for learning American English,⭐⭐⭐⭐
https://youtube.com/playlist?list=PLMR3lYBIrUzgvI51gOKyjzjsWwkN7rDbp&si=7Hm7TSm6Rzgsi02h,7esl - English Pronunciation YouTube Playlist,,⭐⭐⭐⭐
https://www.youtube.com/user/rachelsenglish/videos,Rachel's English YouTube Videos,🇺🇸🔊 Great YouTube Channel for learning American English,⭐⭐⭐⭐
https://englishpost.org/english-pronunciation/,English Post - Pronunciation,🎬🗣️ Lost of videos for different sounds,⭐⭐⭐
https://www.youtube.com/playlist?list=PLMR3lYBIrUzgvI51gOKyjzjsWwkN7rDbp&si=o8RxcZPQe-YtWiL_,7ESL - English Pronunciation Youtube Playlist,,⭐⭐⭐
